      0       9.4000    0.2500
    0.0050    9.4000    0.7400
    0.0100    9.4000    0.2500
    0.0150    9.4000    1.2100
    0.0200    9.4000    0.3800
    0.0250    9.4000    0.9800
    0.0300    9.4000    0.4900
    0.0350    9.4000    0.3800
    0.0400    9.4000    2.2100
    0.0450    9.4000         0
    0.0500    9.4000    0.1100
    0.0550    9.4000    0.4900
    0.0600    9.4000    1.2300
    0.0650    9.4000    1.1100
    0.0700    9.4000    0.4900
    0.0750    9.4000    0.7300
    0.0800    9.4000    0.4900
    0.0850    9.4000    0.7400
    0.0900    9.4000    0.1700
    0.0950    9.4000    0.2600
    0.1000    9.4000    0.2400
    0.1050    9.4000    0.3600
    0.1100    9.4000    0.2500
    0.1150    9.4000    0.2400
    0.1200    9.4000    0.2500
    0.1250    9.4000    0.2300
    0.1300    9.4000    0.3600
    0.1350    9.4000    0.2300
    0.1400    9.4000    0.2400
    0.1450    9.4000    0.7400
    0.1500    9.4000    0.2400
    0.1550    9.4000    0.2500
    0.1600    9.4000    0.9800
    0.1650    9.4000    0.9800
    0.1700    9.4000    0.9800
    0.1750    9.4000    0.4900
    0.1800    9.4000    0.4900
    0.1850    9.4000    0.6400
    0.1900    9.4000    0.2500
    0.1950    9.4000    0.2500
    0.2000    9.4000    0.4900
    0.2050    9.4000    0.2400
    0.2100    9.4000    1.2100
    0.2150    9.4000    0.9700
    0.2200    9.4000    0.2500
    0.2250    9.4000    1.7200
    0.2300    9.4000    1.9500
    0.2350    9.4000    1.7200
    0.2400    9.4000    0.9700
    0.2450    9.4000    2.0600
    0.2500    9.4000    2.2100
    0.2550    9.4000    1.5700
    0.2600    9.4000    2.4800
    0.2650    9.4000    2.3100
    0.2700    9.4000    2.7500
    0.2750    9.4000    2.5700
    0.2800    9.4000    3.0200
    0.2850    9.4000    2.7500
    0.2900    9.4000    1.9500
    0.2950    9.4000    3.0200
    0.3000    9.4000    2.2100
    0.3050    9.4000    2.7300
    0.3100    9.4000    2.4600
    0.3150    9.4000    2.2100
    0.3200    9.4000    3.2900
    0.3250    9.4000    3.8500
    0.3300    9.4000    3.5600
    0.3350    9.4000    4.1200
    0.3400    9.4000    3.8200
    0.3450    9.4000    4.4100
    0.3500    9.4000    2.4800
    0.3550    9.4000    3.5800
    0.3600    9.4000    4.1200
    0.3650    9.4000    4.6900
    0.3700    9.4000    4.4100
    0.3750    9.4000    4.1400
    0.3800    9.4000    2.2100
    0.3850    9.4000    1.9700
    0.3900    9.4000    4.1200
    0.3950    9.4000    4.6900
    0.4000    9.4000    5.6800
    0.4050    9.4000    4.1200
    0.4100    9.4000    3.8500
    0.4150    9.4000    6.3300
    0.4200    9.4000    6.8900
    0.4250    9.4000    7.1700
    0.4300    9.4000    7.6200
    0.4350    9.4000    7.4400
    0.4400    9.4000    7.7100
    0.4450    9.4000    4.6900
    0.4500    9.4000    5.9500
    0.4550    9.4000    7.7300
    0.4600    9.4000    8.2700
    0.4650    9.4000    7.1700
    0.4700    9.4000    9.1000
    0.4750    9.4000    8.7200
    0.4800    9.4000    7.8900
    0.4850    9.4000    9.6800
    0.4900    9.4000    7.4400
    0.4950    9.4000   10.6000
    0.5000    9.4000    6.8900
    0.5050    9.4000   11.4400
    0.5100    9.4000    9.8800
    0.5150    9.4000   11.4200
    0.5200    9.4000    8.7000
    0.5250    9.4000   11.4200
    0.5300    9.4000    9.5700
    0.5350    9.4000   10.3000
    0.5400    9.4000   12.6500
    0.5450    9.4000   12.3400
    0.5500    9.4000   13.5700
    0.5550    9.4000   12.3400
    0.5600    9.4000   13.5700
    0.5650    9.4000   14.8000
    0.5700    9.4000   13.6800
    0.5750    9.4000   14.9100
    0.5800    9.4000   15.2200
    0.5850    9.4000   15.4200
    0.5900    9.4000   15.7300
    0.5950    9.4000   14.5000
    0.6000    9.4000   14.9100
    0.6050    9.4000   15.2000
    0.6100    9.4000   10.3000
    0.6150    9.4000   15.1100
    0.6200    9.4000   16.3400
    0.6250    9.4000   15.7300
    0.6300    9.4000   16.4300
    0.6350    9.4000   15.7300
    0.6400    9.4000   17.0100
    0.6450    9.4000   17.7000
    0.6500    9.4000   18.3700
    0.6550    9.4000   19.0600
    0.6600    9.4000   19.7300
    0.6650    9.4000   19.0600
    0.6700    9.4000   19.7300
    0.6750    9.4000   20.4200
    0.6800    9.4000   19.7300
    0.6850    9.4000   20.4200
    0.6900    9.4000   20.7400
    0.6950    9.4000   20.0700
    0.7000    9.4000   20.7600
    0.7050    9.4000   21.4300
    0.7100    9.4000   20.7600
    0.7150    9.4000   21.4300
    0.7200    9.4000   22.1000
    0.7250    9.4000   22.7900
    0.7300    9.4000   22.1200
    0.7350    9.4000   22.7900
    0.7400    9.4000   22.1200
    0.7450    9.4000   22.8000
    0.7500    9.4000   23.1300
    0.7550    9.4000   22.1200
    0.7600    9.4000   22.7900
    0.7650    9.4000   23.1300
    0.7700    9.4000   22.4400
    0.7750    9.4000   23.1300
    0.7800    9.4000   23.4700
    0.7850    9.4000   22.7900
    0.7900    9.4000   23.1300
    0.7950    9.4000   23.7300
    0.8000    9.4000   24.5800
    0.8050    9.4000   25.2800
    0.8100    9.4000   24.5600
    0.8150    9.4000   25.2800
    0.8200    9.4000   26.0100
    0.8250    9.4000   26.7300
    0.8300    9.4000   25.6500
    0.8350    9.4000   24.8100
    0.8400    9.4000   25.6500
    0.8450    9.4000   28.1800
    0.8500    9.4000   27.0900
    0.8550    9.4000   27.8200
    0.8600    9.4000   28.5400
    0.8650    9.4000   29.5200
    0.8700    9.4000   28.8000
    0.8750    9.4000   29.5200
    0.8800    9.4000   30.2400
    0.8850    9.4000   30.6200
    0.8900    9.4000   29.8800
    0.8950    9.4000   30.6100
    0.9000    9.4000   31.4400
    0.9050    9.4000   32.1300
    0.9100    9.4000   31.4400
    0.9150    9.4000   30.3700
    0.9200    9.4000   32.3600
    0.9250    9.4000   31.3500
    0.9300    9.4000   30.2400
    0.9350    9.4000   31.3500
    0.9400    9.4000   33.5200
    0.9450    9.4000   32.8100
    0.9500    9.4000   33.3900
    0.9550    9.4000   34.0800
    0.9600    9.4000   34.7700
    0.9650    9.4000   34.2100
    0.9700    9.4000   34.7700
    0.9750    9.4000   35.4700
    0.9800    9.4000   34.9000
    0.9850    9.4000   35.4700
    0.9900    9.4000   36.1600
    0.9950    9.4000   35.8200
    1.0000    9.4000   36.4900